      0/59     2.17G   0.07725    0.0145         0   0.09175        34       640         0         0         0         0   0.08945   0.01393         0
      1/59       14G    0.0679  0.009069         0   0.07696        43       640         0         0         0         0   0.09784    0.0107         0
      2/59       14G   0.05642  0.008596         0   0.06501        28       640   0.09938         1    0.1244   0.07463   0.08128  0.009865         0
      3/59       14G   0.04968  0.008866         0   0.05855        39       640   0.04423         1   0.04524   0.02262   0.08913  0.009275         0
      4/59       14G   0.04384  0.008939         0   0.05278        27       640    0.9926         1     0.995    0.6965    0.0651  0.009641         0
      5/59       14G   0.04002  0.009052         0   0.04908        23       640    0.9595         1     0.995     0.398   0.04676   0.01095         0
      6/59       14G   0.03752  0.009367         0   0.04688        43       640     0.911         1     0.995     0.597   0.04723   0.01009         0
      7/59       14G   0.03412  0.008102         0   0.04222        29       640    0.4987         1    0.4975    0.2985   0.04858  0.009835         0
      8/59       14G   0.03369  0.007785         0   0.04147        44       640    0.9948         1     0.995     0.597   0.04592  0.008425         0
      9/59       14G   0.03272  0.007367         0   0.04008        37       640     0.998         1     0.995    0.6965   0.04212  0.008734         0
     10/59       14G   0.03427  0.007026         0    0.0413        25       640    0.9971         1    0.9951    0.8955   0.03649  0.008546         0
     11/59       14G   0.03162  0.006789         0   0.03841        29       640    0.9992         1     0.995     0.597   0.04318  0.007736         0
     12/59       14G   0.02936  0.006717         0   0.03607        36       640    0.9993         1    0.9951    0.4975   0.05027  0.006228         0
     13/59       14G   0.02908  0.005943         0   0.03502        35       640    0.9989         1     0.995    0.6965   0.04921  0.006656         0
     14/59       14G   0.02822  0.005368         0   0.03359        23       640    0.9995         1    0.9951     0.796   0.05159  0.005228         0
     15/59       14G   0.02787  0.004891         0   0.03276        42       640    0.2354         1     0.249    0.1743   0.09115  0.008492         0
     16/59       14G   0.03084  0.004936         0   0.03577        43       640    0.9992         1    0.9951    0.7961   0.05357  0.005287         0
     17/59       14G   0.02786  0.004595         0   0.03245        19       640    0.9991         1    0.9951    0.6965   0.04186  0.006167         0
     18/59       14G   0.02808  0.004576         0   0.03266        26       640    0.9991         1    0.9951    0.7961   0.04122  0.006365         0
     19/59       14G   0.02645  0.004379         0   0.03083        42       640    0.9993         1    0.9954    0.6968   0.03598  0.005718         0
     20/59       14G   0.02652  0.004127         0   0.03064        27       640    0.9989         1    0.9952    0.4976   0.04801  0.008877         0
     21/59       14G   0.02537  0.003971         0   0.02934        31       640    0.9998         1    0.9951    0.8956   0.03338  0.004852         0
     22/59       14G    0.0241  0.003606         0   0.02771        28       640    0.9989         1    0.9951    0.6966   0.03696  0.006016         0
     23/59       14G    0.0228  0.003805         0    0.0266        40       640    0.9998         1    0.9953    0.7963    0.0308  0.005067         0
     24/59       14G   0.02284  0.003636         0   0.02648        40       640    0.9998         1    0.9953    0.7963   0.03057  0.004841         0
     25/59       14G   0.02246  0.003311         0   0.02577        37       640    0.9997         1    0.9958    0.7967   0.03285  0.004925         0
     26/59       14G   0.02141   0.00327         0   0.02468        29       640    0.9994         1    0.9952    0.6967   0.02912  0.004626         0
     27/59       14G   0.02132  0.003282         0    0.0246        31       640    0.9995         1    0.9953    0.6967   0.03082  0.004511         0
     28/59       14G   0.02049  0.003086         0   0.02358        37       640         1         1    0.9956    0.7964   0.02885  0.004423         0
     29/59       14G   0.01999  0.003201         0   0.02319        23       640         1         1    0.9958    0.6971   0.02854   0.00525         0
     30/59       14G   0.02043  0.003034         0   0.02347        43       640    0.9996         1    0.9962     0.797   0.02514  0.005176         0
     31/59       14G   0.02011  0.002993         0    0.0231        28       640    0.9998         1    0.9955    0.7964   0.02513  0.004843         0
     32/59       14G   0.01907  0.002927         0     0.022        23       640    0.9995         1    0.9956    0.6969   0.02696  0.004935         0
     33/59       14G   0.01844  0.002777         0   0.02122        26       640    0.9995         1    0.9958    0.7967   0.02382  0.004663         0
     34/59       14G   0.01806  0.002978         0   0.02104        39       640    0.9996         1    0.9958    0.7967    0.0302  0.005246         0
     35/59       14G   0.01785   0.00273         0   0.02058        29       640    0.9994         1     0.996    0.6972   0.02998  0.004908         0
     36/59       14G   0.01744  0.002774         0   0.02021        35       640    0.9999         1    0.9962    0.6974   0.03023   0.00478         0
     37/59       14G   0.01686  0.002817         0   0.01967        43       640    0.9995         1    0.9957    0.7966   0.02698  0.004798         0
     38/59       14G   0.01598  0.002518         0    0.0185        24       640    0.9996         1    0.9958    0.6971   0.03045  0.005993         0
     39/59       14G   0.01597  0.002815         0   0.01878        33       640    0.9997         1    0.9962     0.797   0.02694  0.005785         0
     40/59       14G   0.01616   0.00257         0   0.01873        26       640    0.9997         1    0.9962     0.797   0.02245  0.005169         0
     41/59       14G   0.01617  0.002612         0   0.01878        26       640    0.9996         1    0.9962     0.797   0.02168  0.005072         0
     42/59       14G   0.01498  0.002544         0   0.01752        32       640         1         1    0.9962     0.797   0.02241  0.005861         0
     43/59       14G   0.01537  0.002512         0   0.01788        27       640    0.9999         1    0.9962    0.6974    0.0232  0.005528         0
     44/59       14G   0.01455  0.002412         0   0.01696        25       640    0.9995         1    0.9962    0.6974   0.02442  0.005593         0
     45/59       14G   0.01478  0.002576         0   0.01736        34       640    0.9999         1    0.9962     0.797   0.02148  0.005547         0
     46/59       14G   0.01432   0.00231         0   0.01663        23       640    0.9995         1    0.9962    0.6974   0.02177  0.005775         0
     47/59       14G   0.01415  0.002388         0   0.01654        34       640    0.9998         1    0.9962     0.797     0.022   0.00538         0
     48/59       14G   0.01417  0.002303         0   0.01647        37       640    0.9996         1    0.9955    0.7964   0.02211  0.005161         0
     49/59       14G   0.01401  0.002553         0   0.01657        36       640    0.9997         1    0.9962     0.797   0.02057  0.005076         0
     50/59       14G   0.01359  0.002363         0   0.01595        26       640    0.9996         1    0.9958    0.7967   0.02148  0.005439         0
     51/59       14G   0.01284  0.002391         0   0.01523        32       640    0.9998         1    0.9962     0.797    0.0227  0.005668         0
     52/59       14G   0.01341  0.002355         0   0.01576        24       640         1         1    0.9962     0.797   0.02228  0.005886         0
     53/59       14G   0.01298  0.002256         0   0.01523        29       640    0.9996         1    0.9962    0.6974   0.02238  0.005808         0
     54/59       14G   0.01294   0.00248         0   0.01542        22       640    0.9996         1    0.9962     0.797   0.02148  0.005629         0
     55/59       14G   0.01301  0.002359         0   0.01537        14       640    0.9997         1    0.9962    0.6974   0.02505  0.005684         0
     56/59       14G   0.01265  0.002387         0   0.01504        35       640    0.9999         1    0.9962    0.6974   0.02595  0.005725         0
     57/59       14G   0.01237  0.002284         0   0.01465        31       640    0.9999         1    0.9967    0.6977   0.02436  0.005489         0
     58/59       14G   0.01206   0.00228         0   0.01434        32       640    0.9996         1    0.9967    0.6977   0.02331   0.00569         0
     59/59       14G   0.01239  0.002333         0   0.01473        41       640    0.9997         1    0.9962     0.797   0.02289  0.005878         0
